2.457763017952804919e+06 1.005103252042351070e+00 5.000000000000000104e-04
2.457763038384646643e+06 1.005059800256309810e+00 5.000000000000000104e-04
2.457763058816488367e+06 1.005337241962869888e+00 5.000000000000000104e-04
2.457763079248329159e+06 1.005736188528333575e+00 5.000000000000000104e-04
2.457763099680169951e+06 1.005778752467616721e+00 5.000000000000000104e-04
2.457763120112110395e+06 1.006349070394323419e+00 5.000000000000000104e-04
2.457763140543950256e+06 1.006305708015249323e+00 5.000000000000000104e-04
2.457763160975689534e+06 1.005648665330394431e+00 5.000000000000000104e-04
2.457763181407628581e+06 1.005890765338015136e+00 5.000000000000000104e-04
2.457763201839467045e+06 1.005673181943057326e+00 5.000000000000000104e-04
2.457763222271205392e+06 1.005629968575595168e+00 5.000000000000000104e-04
2.457763242703143042e+06 1.005586725405810622e+00 5.000000000000000104e-04
2.457763263134980574e+06 1.005543571642993239e+00 5.000000000000000104e-04
2.457763283566717524e+06 1.005500417880175856e+00 5.000000000000000104e-04
2.457763303998654243e+06 1.005212593294780854e+00 5.000000000000000104e-04
2.457763324430390261e+06 1.004507760263376959e+00 5.000000000000000104e-04
2.457763344862226397e+06 1.005033665242993646e+00 5.000000000000000104e-04
2.457763365294161718e+06 1.004990630689465814e+00 5.000000000000000104e-04
2.457763385725896806e+06 1.004378686405115850e+00 5.000000000000000104e-04
2.457763406157731079e+06 1.004335741258555181e+00 5.000000000000000104e-04
2.457763426589665469e+06 1.003835460403406543e+00 5.000000000000000104e-04
2.457763487885165494e+06 1.003677991424607452e+00 5.000000000000000104e-04
2.457763508316997904e+06 1.003635195289658721e+00 5.000000000000000104e-04
2.457763528748730198e+06 1.003592399154709991e+00 5.000000000000000104e-04
2.457763549180662259e+06 1.003047542016776372e+00 5.000000000000000104e-04
2.457763569612493273e+06 1.003004805486472417e+00 5.000000000000000104e-04
2.457763590044224635e+06 1.002962128560813237e+00 5.000000000000000104e-04
2.457763610476154834e+06 1.002584187422887574e+00 5.000000000000000104e-04
2.457763630907985382e+06 1.002541570101873170e+00 5.000000000000000104e-04
2.457763651339714881e+06 1.002133719079718155e+00 5.000000000000000104e-04
2.457763671771644149e+06 1.002091131561026138e+00 5.000000000000000104e-04
2.457763712635201868e+06 1.002360322190052777e+00 5.000000000000000104e-04
2.457763733067130204e+06 1.002317853880650311e+00 5.000000000000000104e-04
2.457763753498957958e+06 1.002275415373570233e+00 5.000000000000000104e-04
2.457763773930685129e+06 1.002232976866490155e+00 5.000000000000000104e-04
2.457763794362612069e+06 1.001371263636843256e+00 5.000000000000000104e-04
2.457763835226265248e+06 1.000752908269421315e+00 5.000000000000000104e-04
2.457763855658090673e+06 1.001244275941149287e+00 5.000000000000000104e-04
2.457763876089916099e+06 1.000495634029618719e+00 5.000000000000000104e-04
2.457763896521741059e+06 1.001159786357180170e+00 5.000000000000000104e-04
2.457763916953566018e+06 1.000411204050294378e+00 5.000000000000000104e-04
2.457763937385390047e+06 1.001344351918906916e+00 5.000000000000000104e-04
2.457763957817313727e+06 1.000753050639106245e+00 5.000000000000000104e-04
2.457763978249137290e+06 1.001260100753516902e+00 5.000000000000000104e-04
2.457763998680860270e+06 1.001217990071983088e+00 5.000000000000000104e-04
2.457764019112783018e+06 1.001175938995094050e+00 5.000000000000000104e-04
2.457764039544505067e+06 1.001421741037008095e+00 5.000000000000000104e-04
2.457764100839969236e+06 1.001596531108690957e+00 5.000000000000000104e-04
2.457764121271790005e+06 1.001253953961965371e+00 5.000000000000000104e-04
2.457764141703710426e+06 1.001212051896688271e+00 5.000000000000000104e-04
2.457764202999168541e+06 1.001696830392991178e+00 5.000000000000000104e-04
2.457764223430887330e+06 1.001655107141648404e+00 5.000000000000000104e-04
2.457764243862705771e+06 1.000543614225660072e+00 5.000000000000000104e-04
2.457764264294623397e+06 1.000550318458404586e+00 5.000000000000000104e-04
2.457764284726340789e+06 1.000508625009384200e+00 5.000000000000000104e-04
2.457764305158158299e+06 1.000466991165008590e+00 5.000000000000000104e-04
2.457764325590074994e+06 1.000425416925277755e+00 5.000000000000000104e-04
2.457764346021891106e+06 1.000383842685546920e+00 5.000000000000000104e-04
2.457764366453607101e+06 1.000296588050560986e+00 5.000000000000000104e-04
2.457764386885522399e+06 1.000255073415474927e+00 5.000000000000000104e-04
2.457764407317337580e+06 1.000213588582711255e+00 5.000000000000000104e-04
2.457764427749052644e+06 1.000448732774534166e+00 5.000000000000000104e-04
2.457764448180967011e+06 1.000407307546415270e+00 5.000000000000000104e-04
2.457764468612780795e+06 1.000365941922941149e+00 5.000000000000000104e-04
2.457764489044494461e+06 1.000324576299467028e+00 5.000000000000000104e-04
2.457764509476407431e+06 1.000283240478315294e+00 5.000000000000000104e-04
2.457764550339932553e+06 1.000800078389385117e+00 5.000000000000000104e-04
2.457764570771844592e+06 1.000863338181370743e+00 5.000000000000000104e-04
2.457764591203656513e+06 1.000822121569508560e+00 5.000000000000000104e-04
2.457764611635367852e+06 1.000780934759968765e+00 5.000000000000000104e-04
2.457764632067278493e+06 1.000240799132710467e+00 5.000000000000000104e-04
2.457764652499089018e+06 9.994682878598206699e-01 5.000000000000000104e-04
2.457764672930899076e+06 9.990895462508178060e-01 5.000000000000000104e-04
2.457764693362708669e+06 9.990484786505675618e-01 5.000000000000000104e-04
2.457764713794517796e+06 9.990074706549620931e-01 5.000000000000000104e-04
2.457764775089943781e+06 9.984291814127583820e-01 5.000000000000000104e-04
2.457764795521751512e+06 9.983491493012595086e-01 5.000000000000000104e-04
2.457764815953558777e+06 9.969701051665900149e-01 5.000000000000000104e-04
2.457764836385365576e+06 9.969292759849188723e-01 5.000000000000000104e-04
2.457764856817272026e+06 9.968884468032477297e-01 5.000000000000000104e-04
2.457764877248978242e+06 9.964585035177213612e-01 5.000000000000000104e-04
2.457764897680784110e+06 9.959499795247741538e-01 5.000000000000000104e-04
2.457764918112689629e+06 9.951187169640474117e-01 5.000000000000000104e-04
2.457764938544394914e+06 9.950780069916658199e-01 5.000000000000000104e-04
2.457764958976199385e+06 9.950373566239290035e-01 5.000000000000000104e-04
2.457764979408103507e+06 9.952235899793242524e-01 5.000000000000000104e-04
2.457764999839807395e+06 9.954510054750635994e-01 5.000000000000000104e-04
2.457765020271610934e+06 9.966226481371329715e-01 5.000000000000000104e-04
2.457765040703514125e+06 9.977996565848816779e-01 5.000000000000000104e-04
2.457765061135217082e+06 9.977591552287568000e-01 5.000000000000000104e-04
2.457765081567019224e+06 9.977186240703095343e-01 5.000000000000000104e-04
2.457765101998921018e+06 9.977853520458626058e-01 5.000000000000000104e-04
2.457765122430622578e+06 9.974420877084031467e-01 5.000000000000000104e-04
2.457765142862423789e+06 9.972311095727632857e-01 5.000000000000000104e-04
2.457765163294324651e+06 9.971907274259279585e-01 5.000000000000000104e-04
2.457765183726125397e+06 9.963514380218971844e-01 5.000000000000000104e-04
2.457765224589725025e+06 9.958606015550266477e-01 5.000000000000000104e-04
2.457765245021524373e+06 9.958203684198032590e-01 5.000000000000000104e-04
2.457765265453223139e+06 9.957801352845798704e-01 5.000000000000000104e-04
2.457765285885121673e+06 9.957399617540012571e-01 5.000000000000000104e-04
2.457765306316919625e+06 9.960422168995579639e-01 5.000000000000000104e-04
2.457765326748617459e+06 9.960021029736241260e-01 5.000000000000000104e-04
2.457765347180515062e+06 9.959619890476902881e-01 5.000000000000000104e-04
2.457765367612311617e+06 9.965293643819799208e-01 5.000000000000000104e-04
2.457765388044008520e+06 9.970548372847833907e-01 5.000000000000000104e-04
2.457765408475904725e+06 9.974732999183237858e-01 5.000000000000000104e-04
2.457765428907700349e+06 9.974333052016794987e-01 5.000000000000000104e-04
2.457765449339395855e+06 9.973366314873248761e-01 5.000000000000000104e-04
2.457765469771291129e+06 9.968950074298181807e-01 5.000000000000000104e-04
2.457765490203085821e+06 9.960271464716119461e-01 5.000000000000000104e-04
2.457765510634880047e+06 9.954211657122824519e-01 5.000000000000000104e-04
2.457765531066674273e+06 9.953813498095724910e-01 5.000000000000000104e-04
2.457765551498467568e+06 9.956417867859415072e-01 5.000000000000000104e-04
2.457765571930260863e+06 9.956020304878763216e-01 5.000000000000000104e-04
2.457765592362053692e+06 9.967351700209436949e-01 5.000000000000000104e-04
2.457765612793846056e+06 9.970150166700939565e-01 5.000000000000000104e-04
2.457765633225637954e+06 9.969753497789959340e-01 5.000000000000000104e-04
2.457765653657429852e+06 9.973337393299934739e-01 5.000000000000000104e-04
2.457765674089221284e+06 9.970032830721233807e-01 5.000000000000000104e-04
2.457765694521111902e+06 9.969637055879925214e-01 5.000000000000000104e-04
2.457765714952802751e+06 9.969241281038616620e-01 5.000000000000000104e-04
2.457765735384592786e+06 9.974225914189691622e-01 5.000000000000000104e-04
2.457765755816482473e+06 9.973831033418054659e-01 5.000000000000000104e-04
2.457765796679961029e+06 9.979720194349304130e-01 5.000000000000000104e-04
2.457765817111849785e+06 9.981367367112365940e-01 5.000000000000000104e-04
2.457765837543537840e+06 9.996211971569741728e-01 5.000000000000000104e-04
2.457765857975326013e+06 9.995818580914224150e-01 5.000000000000000104e-04
2.457765878407213371e+06 9.998170154747347826e-01 5.000000000000000104e-04
2.457765898838900495e+06 9.999690349118477428e-01 5.000000000000000104e-04
2.457765919270687271e+06 1.000995226353079026e+00 5.000000000000000104e-04
2.457765939702573698e+06 1.001307821905808915e+00 5.000000000000000104e-04
2.457765960134259891e+06 1.001614286604594728e+00 5.000000000000000104e-04
2.457765980566045735e+06 1.002744580994709978e+00 5.000000000000000104e-04
2.457766000997930765e+06 1.002912794037271738e+00 5.000000000000000104e-04
2.457766021429715678e+06 1.002873693390299081e+00 5.000000000000000104e-04
2.457766041861400474e+06 1.002627249251469621e+00 5.000000000000000104e-04
2.457766062293284573e+06 1.002506153486877327e+00 5.000000000000000104e-04
2.457766082725068089e+06 1.002467142246871834e+00 5.000000000000000104e-04
2.457766103156751953e+06 1.002428160809188729e+00 5.000000000000000104e-04
2.457766123588634655e+06 1.002480925942048628e+00 5.000000000000000104e-04
2.457766144020417240e+06 1.002442004109010298e+00 5.000000000000000104e-04
2.457766164452099707e+06 1.002403112078294356e+00 5.000000000000000104e-04
2.457766184883981943e+06 1.001952430767522273e+00 5.000000000000000104e-04
2.457766205315763131e+06 1.001913568539128718e+00 5.000000000000000104e-04
2.457766225747444667e+06 1.001874795717702327e+00 5.000000000000000104e-04
2.457766246179325506e+06 1.001562179673563646e+00 5.000000000000000104e-04
2.457766266611105762e+06 1.001767881118648340e+00 5.000000000000000104e-04
2.457766287042785902e+06 1.002410303357035293e+00 5.000000000000000104e-04
2.457766307474665344e+06 1.002371649744898452e+00 5.000000000000000104e-04
2.457766327906345017e+06 1.002425666749654942e+00 5.000000000000000104e-04
2.457766348338223994e+06 1.002387042939840489e+00 5.000000000000000104e-04
2.457766368770002387e+06 1.002348478734670811e+00 5.000000000000000104e-04
2.457766389201780781e+06 1.002048127520198673e+00 5.000000000000000104e-04
2.457766409633558709e+06 1.002009622919673770e+00 5.000000000000000104e-04
2.457766430065336172e+06 1.001971118319148868e+00 5.000000000000000104e-04
2.457766450497113168e+06 1.001932643520946353e+00 5.000000000000000104e-04
2.457766470928890165e+06 1.001914829426836739e+00 5.000000000000000104e-04
2.457766491360666230e+06 1.002482666716117965e+00 5.000000000000000104e-04
2.457766511792442296e+06 1.002444311127205001e+00 5.000000000000000104e-04
2.457766532224318013e+06 1.002405955538292037e+00 5.000000000000000104e-04
2.457766552655993495e+06 1.002706438880725859e+00 5.000000000000000104e-04
2.457766573087768164e+06 1.002668142896457670e+00 5.000000000000000104e-04
2.457766593519642949e+06 1.002262615466789741e+00 5.000000000000000104e-04
2.457766613951317035e+06 1.002224349284843941e+00 5.000000000000000104e-04
2.457766634383090772e+06 1.002553433757587431e+00 5.000000000000000104e-04
2.457766654814964160e+06 1.002262588191711323e+00 5.000000000000000104e-04
2.457766675246637315e+06 1.002725815256243491e+00 5.000000000000000104e-04
2.457766695678410120e+06 1.002785543671575796e+00 5.000000000000000104e-04
2.457766736541954335e+06 1.002845126441785251e+00 5.000000000000000104e-04
2.457766756973725744e+06 1.002803022077336959e+00 5.000000000000000104e-04
2.457766777405597270e+06 1.002818317153280958e+00 5.000000000000000104e-04
2.457766797837268095e+06 1.003050336536098319e+00 5.000000000000000104e-04
2.457766818269038573e+06 1.003012398179698783e+00 5.000000000000000104e-04
2.457766838700908702e+06 1.002740240142798278e+00 5.000000000000000104e-04
2.457766859132678714e+06 1.002702391193365905e+00 5.000000000000000104e-04
2.457766879564348143e+06 1.002104353190264252e+00 5.000000000000000104e-04
2.457766899996217340e+06 1.001285822014969407e+00 5.000000000000000104e-04
2.457766920427985955e+06 1.000885779259824915e+00 5.000000000000000104e-04
2.457766940859653987e+06 1.000847270288187651e+00 5.000000000000000104e-04
2.457766961291522253e+06 1.000810319779539270e+00 5.000000000000000104e-04
2.457766981723289937e+06 1.000674277431698123e+00 5.000000000000000104e-04
2.457767002154957037e+06 1.000440438183547665e+00 5.000000000000000104e-04
2.457767022586823907e+06 1.000065626369453398e+00 5.000000000000000104e-04
2.457767043018490542e+06 9.999623771999570643e-01 5.000000000000000104e-04
2.457767063450256828e+06 9.995890739308035400e-01 5.000000000000000104e-04
2.457767083882122301e+06 9.992149179148044347e-01 5.000000000000000104e-04
2.457767104313788004e+06 9.995140316830313232e-01 5.000000000000000104e-04
2.457767124745653011e+06 9.994765403614676025e-01 5.000000000000000104e-04
2.457767145177417900e+06 9.994391086445486572e-01 5.000000000000000104e-04
2.457767186040945817e+06 9.990372329216772318e-01 5.000000000000000104e-04
2.457767206472709775e+06 9.989998608094030619e-01 5.000000000000000104e-04
2.457767226904373150e+06 9.989625483017736673e-01 5.000000000000000104e-04
2.457767247336235829e+06 9.992918298512560860e-01 5.000000000000000104e-04
2.457767267767998390e+06 9.989425872011932217e-01 5.000000000000000104e-04
2.457767288199760485e+06 9.989053342982086026e-01 5.000000000000000104e-04
2.457767308631522581e+06 9.988681708021911465e-01 5.000000000000000104e-04
2.457767329063284211e+06 9.988309775038513028e-01 5.000000000000000104e-04
2.457767349495044909e+06 9.987938438101562344e-01 5.000000000000000104e-04
2.457767369926905725e+06 9.989687017640989097e-01 5.000000000000000104e-04
2.457767390358566307e+06 9.995808504026926222e-01 5.000000000000000104e-04
2.457767410790326539e+06 9.995438061159647170e-01 5.000000000000000104e-04
2.457767431222185958e+06 9.995350561077931406e-01 5.000000000000000104e-04
2.457767451653845143e+06 9.994980714257100107e-01 5.000000000000000104e-04
2.457767472085604444e+06 1.000277847044714008e+00 5.000000000000000104e-04
2.457767492517462932e+06 1.001278474298744614e+00 5.000000000000000104e-04
2.457767512949121185e+06 1.001241579023628647e+00 5.000000000000000104e-04
2.457767533380879089e+06 1.001204713550835068e+00 5.000000000000000104e-04
2.457767553812736645e+06 9.995297157734861493e-01 5.000000000000000104e-04
2.457767574244393967e+06 9.991397241424495590e-01 5.000000000000000104e-04
2.457767594676150940e+06 9.977988643496933374e-01 5.000000000000000104e-04
2.457767615108007099e+06 9.976955576585737617e-01 5.000000000000000104e-04
2.457767635539663490e+06 9.976588411973921211e-01 5.000000000000000104e-04
2.457767655971419066e+06 9.972455449563226715e-01 5.000000000000000104e-04
2.457767676403274760e+06 9.972089179021081939e-01 5.000000000000000104e-04
2.457767696835029405e+06 9.978271962966167585e-01 5.000000000000000104e-04
2.457767717266684398e+06 9.977906288470470564e-01 5.000000000000000104e-04
2.457767758130292874e+06 9.978509900505645458e-01 5.000000000000000104e-04
2.457767778561946470e+06 9.978144524033172313e-01 5.000000000000000104e-04
2.457767798993799835e+06 9.978526613072702389e-01 5.000000000000000104e-04
2.457767819425452501e+06 9.976367655064168893e-01 5.000000000000000104e-04
2.457767839857304934e+06 9.976003470684591257e-01 5.000000000000000104e-04
2.457767860289057251e+06 9.975639286305013620e-01 5.000000000000000104e-04
2.457767880720709451e+06 9.981564674525080783e-01 5.000000000000000104e-04
2.457767901152560953e+06 9.967861624458564940e-01 5.000000000000000104e-04
2.457767921584311873e+06 9.984718802374143998e-01 5.000000000000000104e-04
2.457767942015962675e+06 9.989227044771067376e-01 5.000000000000000104e-04
2.457767962447813246e+06 9.983994009893675248e-01 5.000000000000000104e-04
2.457767982879563235e+06 9.982003117880839937e-01 5.000000000000000104e-04
2.457768003311213106e+06 9.981641317687053316e-01 5.000000000000000104e-04
2.457768023743062746e+06 9.977033725471669001e-01 5.000000000000000104e-04
2.457768044174811803e+06 9.974293371162388233e-01 5.000000000000000104e-04
2.457768064606460277e+06 9.973932167015049366e-01 5.000000000000000104e-04
2.457768085038308986e+06 9.962394351997156949e-01 5.000000000000000104e-04
2.457768105470056646e+06 9.960808726615972830e-01 5.000000000000000104e-04
2.457768125901804306e+06 9.954051320897190358e-01 5.000000000000000104e-04
2.457768146333551966e+06 9.953346963154110494e-01 5.000000000000000104e-04
2.457768166765298694e+06 9.951136167090846030e-01 5.000000000000000104e-04
2.457768187197045423e+06 9.946391370631157969e-01 5.000000000000000104e-04
2.457768207628891803e+06 9.944160640550880892e-01 5.000000000000000104e-04
2.457768248492283281e+06 9.943443894697456820e-01 5.000000000000000104e-04
2.457768268924128264e+06 9.943086266828804476e-01 5.000000000000000104e-04
2.457768289355773479e+06 9.946373792518552470e-01 5.000000000000000104e-04
2.457768309787517879e+06 9.949777661665302197e-01 5.000000000000000104e-04
2.457768330219361931e+06 9.949420927866321485e-01 5.000000000000000104e-04
2.457768350651005749e+06 9.949064194067340772e-01 5.000000000000000104e-04
2.457768371082749218e+06 9.948707758291583936e-01 5.000000000000000104e-04
2.457768391514592338e+06 9.948351620539050977e-01 5.000000000000000104e-04
2.457768411946235225e+06 9.948751452084072522e-01 5.000000000000000104e-04
2.457768432377977762e+06 9.948395910377987317e-01 5.000000000000000104e-04
2.457768452809819952e+06 9.948040666695125989e-01 5.000000000000000104e-04
2.457768473241461441e+06 9.947685721035488537e-01 5.000000000000000104e-04
2.457768493673203047e+06 9.947331073399074963e-01 5.000000000000000104e-04
2.457768514105043840e+06 9.947300662833873375e-01 5.000000000000000104e-04
2.457768534536684863e+06 9.948829941757244555e-01 5.000000000000000104e-04
2.457768554968525190e+06 9.948476486213726488e-01 5.000000000000000104e-04
2.457768616263744421e+06 9.947417013652843920e-01 5.000000000000000104e-04
2.457768636695483234e+06 9.947064750202221362e-01 5.000000000000000104e-04
2.457768657127121929e+06 9.945624611188557118e-01 5.000000000000000104e-04
2.457768677558960393e+06 9.945272943784382313e-01 5.000000000000000104e-04
2.457768697990698274e+06 9.944037385331891965e-01 5.000000000000000104e-04
2.457768718422336038e+06 9.943686313974164914e-01 5.000000000000000104e-04
2.457768738854173105e+06 9.947923266091298622e-01 5.000000000000000104e-04
2.457768759285910055e+06 9.950428893897691474e-01 5.000000000000000104e-04
2.457768779717546888e+06 9.952217366849245295e-01 5.000000000000000104e-04
2.457768800149383023e+06 9.951867189561189875e-01 5.000000000000000104e-04
2.457768820581119042e+06 9.947433649977970305e-01 5.000000000000000104e-04
2.457768841012754478e+06 9.947084068736362639e-01 5.000000000000000104e-04
2.457768861444589682e+06 9.946735083541202727e-01 5.000000000000000104e-04
2.457768881876324769e+06 9.946386396369266691e-01 5.000000000000000104e-04
2.457768902307959273e+06 9.946037709197330656e-01 5.000000000000000104e-04
2.457768922739793546e+06 9.945643858772230672e-01 5.000000000000000104e-04
2.457768943171527237e+06 9.951600925500287964e-01 5.000000000000000104e-04
2.457768963603260927e+06 9.945318669593774530e-01 5.000000000000000104e-04
2.457768984034994151e+06 9.944601075511885213e-01 5.000000000000000104e-04
2.457769004466726910e+06 9.944254176479292440e-01 5.000000000000000104e-04
2.457769024898459204e+06 9.944277674472772333e-01 5.000000000000000104e-04
2.457769045330291614e+06 9.943931371486627313e-01 5.000000000000000104e-04
2.457769065761923324e+06 9.947566585815803553e-01 5.000000000000000104e-04
2.457769086193654686e+06 9.947220878876106287e-01 5.000000000000000104e-04
2.457769106625486165e+06 9.946875171936409021e-01 5.000000000000000104e-04
2.457769127057116944e+06 9.946530061043159510e-01 5.000000000000000104e-04
2.457769147488847375e+06 9.952142414195579434e-01 5.000000000000000104e-04
2.457769167920677457e+06 9.973003163923102043e-01 5.000000000000000104e-04
2.457769188352307305e+06 9.972658947099524163e-01 5.000000000000000104e-04
2.457769208784036804e+06 9.972314730275946282e-01 5.000000000000000104e-04
2.457769229215865955e+06 9.964291513360952202e-01 5.000000000000000104e-04
2.457769249647494871e+06 9.963948190607045952e-01 5.000000000000000104e-04
2.457769270079323091e+06 9.963589944737347714e-01 5.000000000000000104e-04
2.457769290510951076e+06 9.963262439168905082e-01 5.000000000000000104e-04
2.457769310942679178e+06 9.963219719910263450e-01 5.000000000000000104e-04
2.457769331374506466e+06 9.962877589249252708e-01 5.000000000000000104e-04
2.457769351806133520e+06 9.967761511565833565e-01 5.000000000000000104e-04
2.457769372237860225e+06 9.970064192814886983e-01 5.000000000000000104e-04
2.457769392669687048e+06 9.967078740359931466e-01 5.000000000000000104e-04
2.457769413101412822e+06 9.966737503768592354e-01 5.000000000000000104e-04
2.457769433533038944e+06 9.968263573889948326e-01 5.000000000000000104e-04
2.457769453964864369e+06 9.967923231368280845e-01 5.000000000000000104e-04
2.457769474396589212e+06 9.967583484893061119e-01 5.000000000000000104e-04
2.457769494828213938e+06 9.967243440394617515e-01 5.000000000000000104e-04
2.457769515260038432e+06 9.960699356269135940e-01 5.000000000000000104e-04
2.457769535691762809e+06 9.955561945580717609e-01 5.000000000000000104e-04
2.457769556123386603e+06 9.957829168766392236e-01 5.000000000000000104e-04
2.457769576555209700e+06 9.957490316360844140e-01 5.000000000000000104e-04
2.457769617418556008e+06 9.959006286334290969e-01 5.000000000000000104e-04
2.457769637850378174e+06 9.958681396096089600e-01 5.000000000000000104e-04
2.457769658282100223e+06 9.958344033806660889e-01 5.000000000000000104e-04
2.457769678713722154e+06 9.966568588512010329e-01 5.000000000000000104e-04
2.457769719577264506e+06 9.968868207982204410e-01 5.000000000000000104e-04
2.457769760440705810e+06 9.965223013656205886e-01 5.000000000000000104e-04
2.457769780872425996e+06 9.963591101275028894e-01 5.000000000000000104e-04
2.457769801304145716e+06 9.964552163379258864e-01 5.000000000000000104e-04
2.457769821735865436e+06 9.967396594083606232e-01 5.000000000000000104e-04
2.457769842167584691e+06 9.963976226560427030e-01 5.000000000000000104e-04
2.457769862599303480e+06 9.963642142526460965e-01 5.000000000000000104e-04
2.457769883031121921e+06 9.963307760469271024e-01 5.000000000000000104e-04
2.457769903462740127e+06 9.960785369061404548e-01 5.000000000000000104e-04
2.457769923894557636e+06 9.960451583050662361e-01 5.000000000000000104e-04
2.457769944326275028e+06 9.960118393086367927e-01 5.000000000000000104e-04
2.457769964757892303e+06 9.962716043027288748e-01 5.000000000000000104e-04
2.457769985189709347e+06 9.968607809942775511e-01 5.000000000000000104e-04
2.457770005621425807e+06 9.974342229130255255e-01 5.000000000000000104e-04
2.457770026053042151e+06 9.974010231258856329e-01 5.000000000000000104e-04
2.457770046484857798e+06 9.976637244883701516e-01 5.000000000000000104e-04
2.457770066916473210e+06 9.973347129585730109e-01 5.000000000000000104e-04
2.457770087348188274e+06 9.971158059004401331e-01 5.000000000000000104e-04
2.457770107780003455e+06 9.970446009526230391e-01 5.000000000000000104e-04
2.457770128211617935e+06 9.970496745470618372e-01 5.000000000000000104e-04
2.457770148643332068e+06 9.969784994015671309e-01 5.000000000000000104e-04
2.457770209938473068e+06 9.966457734206701780e-01 5.000000000000000104e-04
2.457770230370285921e+06 9.964892469096822136e-01 5.000000000000000104e-04
2.457770250801998191e+06 9.965800294974829221e-01 5.000000000000000104e-04
2.457770271233610809e+06 9.965471575358892942e-01 5.000000000000000104e-04
2.457770291665422730e+06 9.965143749812628293e-01 5.000000000000000104e-04
2.457770312097134069e+06 9.963579676795644158e-01 5.000000000000000104e-04
2.457770332528745290e+06 9.962612905100491911e-01 5.000000000000000104e-04
2.457770352960556280e+06 9.962285675600675017e-01 5.000000000000000104e-04
2.457770373392267153e+06 9.959514244033162989e-01 5.000000000000000104e-04
2.457770393823877443e+06 9.959187610579793848e-01 5.000000000000000104e-04
2.457770414255687501e+06 9.962790799372807093e-01 5.000000000000000104e-04
2.457770434687396977e+06 9.969397899839189670e-01 5.000000000000000104e-04
2.457770455119006336e+06 9.967208773159714763e-01 5.000000000000000104e-04
2.457770475550815463e+06 9.984835136881153872e-01 5.000000000000000104e-04
2.457770495982524473e+06 9.969129244941661305e-01 5.000000000000000104e-04
2.457770516414132435e+06 9.984318511191201395e-01 5.000000000000000104e-04
2.457770536845940631e+06 9.983993963900399393e-01 5.000000000000000104e-04
2.457770557277648244e+06 9.986220817500099933e-01 5.000000000000000104e-04
2.457770577709455974e+06 1.000521355882749708e+00 5.000000000000000104e-04
2.457770598141063005e+06 1.001004816976504230e+00 5.000000000000000104e-04
2.457770618572769687e+06 1.001464294548000122e+00 5.000000000000000104e-04
2.457770639004576020e+06 1.003231864813469709e+00 5.000000000000000104e-04
2.457770659436182585e+06 1.003611852570730711e+00 5.000000000000000104e-04
2.457770679867888335e+06 1.003579606457907225e+00 5.000000000000000104e-04
2.457770700299693737e+06 1.003615825049937182e+00 5.000000000000000104e-04
2.457770720731399022e+06 1.003583638541758472e+00 5.000000000000000104e-04
2.457770741163003724e+06 1.003851263328635390e+00 5.000000000000000104e-04
2.457770761594808195e+06 1.004967190821234091e+00 5.000000000000000104e-04
2.457770782026412431e+06 1.004935123522344931e+00 5.000000000000000104e-04
2.457770802458116319e+06 1.005196030487349290e+00 5.000000000000000104e-04
2.457770822889919858e+06 1.005349148467348463e+00 5.000000000000000104e-04
2.457770843321523163e+06 1.005529298311372610e+00 5.000000000000000104e-04
2.457770863753226120e+06 1.005782658464767110e+00 5.000000000000000104e-04
2.457770884185028728e+06 1.006192118628908005e+00 5.000000000000000104e-04
2.457770904616631102e+06 1.006160230143953171e+00 5.000000000000000104e-04
2.457770925048333127e+06 1.006388889372186846e+00 5.000000000000000104e-04
2.457770945480134804e+06 1.006357030689554399e+00 5.000000000000000104e-04
2.457770965911736246e+06 1.005939275026321411e+00 5.000000000000000104e-04
2.457770986343437340e+06 1.005502940920048882e+00 5.000000000000000104e-04
2.457771006775238086e+06 1.005875736474990845e+00 5.000000000000000104e-04
2.457771027206838597e+06 1.005164952853091709e+00 5.000000000000000104e-04
2.457771047638538759e+06 1.005812317132949829e+00 5.000000000000000104e-04
2.457771068070338573e+06 1.006014581446621925e+00 5.000000000000000104e-04
2.457771088502037805e+06 1.005982931380246193e+00 5.000000000000000104e-04
2.457771108933636919e+06 1.005615047244015514e+00 5.000000000000000104e-04
2.457771129365435801e+06 1.005919750456784278e+00 5.000000000000000104e-04
2.457771149797134567e+06 1.005888189797375709e+00 5.000000000000000104e-04
2.457771170228832867e+06 1.006170625098979698e+00 5.000000000000000104e-04
2.457771190660530701e+06 1.006139153846538292e+00 5.000000000000000104e-04
2.457771211092228070e+06 1.006146322417877492e+00 5.000000000000000104e-04
2.457771231524025556e+06 1.006114880967758474e+00 5.000000000000000104e-04
2.457771272387319244e+06 1.006439318906873659e+00 5.000000000000000104e-04
2.457771292819115333e+06 1.007087815698643141e+00 5.000000000000000104e-04
2.457771313250711653e+06 1.007056493457813673e+00 5.000000000000000104e-04
2.457771333682407159e+06 1.007025230821628980e+00 5.000000000000000104e-04
2.457771354114202783e+06 1.005515375108910980e+00 5.000000000000000104e-04
2.457771374545797706e+06 1.005417945180496098e+00 5.000000000000000104e-04
2.457771394977492280e+06 1.005386771951278568e+00 5.000000000000000104e-04
2.457771415409286972e+06 1.005355628524383427e+00 5.000000000000000104e-04
2.457771435840880964e+06 1.006414099709049381e+00 5.000000000000000104e-04
2.457771456272575073e+06 1.006661128174365594e+00 5.000000000000000104e-04
2.457771476704368368e+06 1.007216478720275976e+00 5.000000000000000104e-04
2.457771497135961894e+06 1.007185454502670385e+00 5.000000000000000104e-04
2.457771517567654606e+06 1.007645248637299318e+00 5.000000000000000104e-04
2.457771537999347318e+06 1.007736435681618303e+00 5.000000000000000104e-04
2.457771558431039564e+06 1.007995025627633545e+00 5.000000000000000104e-04
2.457771578862731811e+06 1.007964150421639893e+00 5.000000000000000104e-04
2.457771599294423126e+06 1.008040080063208777e+00 5.000000000000000104e-04
2.457771619726114441e+06 1.008009204857215124e+00 5.000000000000000104e-04
2.457771640157805756e+06 1.007978419058188635e+00 5.000000000000000104e-04
2.457771681021186989e+06 1.007462926934208802e+00 5.000000000000000104e-04
2.457771701452876907e+06 1.007335737306295442e+00 5.000000000000000104e-04
2.457771721884666942e+06 1.007305040914236116e+00 5.000000000000000104e-04
2.457771742316256277e+06 1.007274404126821565e+00 5.000000000000000104e-04
2.457771762748045847e+06 1.007243737537084627e+00 5.000000000000000104e-04
2.457771783179734368e+06 1.007213160354314851e+00 5.000000000000000104e-04
2.457771803611323237e+06 1.007080736653100494e+00 5.000000000000000104e-04
2.457771824043111410e+06 1.007050189272653107e+00 5.000000000000000104e-04
2.457771844474799465e+06 1.007019701496850494e+00 5.000000000000000104e-04
2.457771864906387404e+06 1.006654555204496315e+00 5.000000000000000104e-04
2.457771885338174645e+06 1.006117883063643248e+00 5.000000000000000104e-04
2.457771905769861769e+06 1.006082683092753172e+00 5.000000000000000104e-04
2.457771926201548427e+06 1.005916915587902860e+00 5.000000000000000104e-04
2.457771946633235086e+06 1.005605671804103540e+00 5.000000000000000104e-04
2.457771967064920813e+06 1.005567606063332065e+00 5.000000000000000104e-04
2.457771987496607006e+06 1.005537267299141391e+00 5.000000000000000104e-04
2.457772048791662790e+06 1.004578256873799535e+00 5.000000000000000104e-04
2.457772069223447237e+06 1.003912690611180825e+00 5.000000000000000104e-04
2.457772089655031450e+06 1.003882560463246865e+00 5.000000000000000104e-04
2.457772110086715780e+06 1.003299954512428371e+00 5.000000000000000104e-04
2.457772130518499296e+06 1.002208270088852160e+00 5.000000000000000104e-04
2.457772150950083043e+06 1.001884432476090936e+00 5.000000000000000104e-04
2.457772171381765977e+06 1.001854391735124139e+00 5.000000000000000104e-04
2.457772191813549027e+06 1.001824410598802118e+00 5.000000000000000104e-04
2.457772212245131377e+06 1.001614239121591421e+00 5.000000000000000104e-04
2.457772232676813379e+06 1.001234312483720412e+00 5.000000000000000104e-04
2.457772253108595498e+06 1.001204390952043166e+00 5.000000000000000104e-04
2.457772273540177383e+06 1.000810269514435413e+00 5.000000000000000104e-04
2.457772293971858453e+06 1.000506879798720439e+00 5.000000000000000104e-04
2.457772314403539523e+06 9.997602593320134012e-01 5.000000000000000104e-04
2.457772334835220128e+06 9.996969894757008479e-01 5.000000000000000104e-04
2.457772355267000850e+06 9.996672169556355403e-01 5.000000000000000104e-04
2.457772375698580872e+06 9.996709417718174784e-01 5.000000000000000104e-04
2.457772396130260546e+06 9.996412288563969462e-01 5.000000000000000104e-04
2.457772416562040336e+06 9.992461611943954658e-01 5.000000000000000104e-04
2.457772436993619427e+06 9.991120656270440215e-01 5.000000000000000104e-04
2.457772457425298169e+06 9.989704410523998490e-01 5.000000000000000104e-04
2.457772477857077029e+06 9.989408771485912553e-01 5.000000000000000104e-04
2.457772498288755305e+06 9.990232845086510771e-01 5.000000000000000104e-04
2.457772518720333464e+06 9.990858014275219023e-01 5.000000000000000104e-04
2.457772539152110927e+06 9.995410496747423323e-01 5.000000000000000104e-04
2.457772559583788738e+06 9.997219374630059718e-01 5.000000000000000104e-04
2.457772580015365500e+06 9.999152601719472067e-01 5.000000000000000104e-04
2.457772600447142497e+06 9.998858452797505514e-01 5.000000000000000104e-04
2.457772702605422121e+06 9.997392774582478658e-01 5.000000000000000104e-04
2.457772723037197255e+06 9.993293743661790796e-01 5.000000000000000104e-04
2.457772743468872271e+06 9.983429810453063880e-01 5.000000000000000104e-04
2.457772784332220908e+06 9.982846877027160559e-01 5.000000000000000104e-04
2.457772804763894528e+06 9.973226349278743186e-01 5.000000000000000104e-04
2.457772825195568148e+06 9.982265433717376624e-01 5.000000000000000104e-04
2.457772845627241768e+06 9.985764778090220339e-01 5.000000000000000104e-04
2.457772866058914457e+06 9.985475099516611941e-01 5.000000000000000104e-04
2.457772886490587145e+06 9.979530645677239242e-01 5.000000000000000104e-04
2.457772906922259834e+06 9.979241265126854721e-01 5.000000000000000104e-04
2.457772927353932057e+06 9.978951884576470199e-01 5.000000000000000104e-04
2.457772947785603814e+06 9.973184878316025959e-01 5.000000000000000104e-04
2.457772968217375223e+06 9.972896093812089191e-01 5.000000000000000104e-04
2.457772988648946397e+06 9.971949732889260343e-01 5.000000000000000104e-04
2.457773009080717340e+06 9.970835499609571606e-01 5.000000000000000104e-04
2.457773029512288049e+06 9.970548205221754223e-01 5.000000000000000104e-04
2.457773049943958409e+06 9.972804277414311080e-01 5.000000000000000104e-04
2.457773070375728887e+06 9.974652443706970573e-01 5.000000000000000104e-04
2.457773090807298664e+06 9.974365745365600944e-01 5.000000000000000104e-04
2.457773111238968093e+06 9.978063001724226666e-01 5.000000000000000104e-04
2.457773131670737173e+06 9.977776899429304791e-01 5.000000000000000104e-04
2.457773152102306020e+06 9.977490797134382916e-01 5.000000000000000104e-04
2.457773172533974983e+06 9.979423273979441955e-01 5.000000000000000104e-04
2.457773192965743132e+06 9.979990800530176287e-01 5.000000000000000104e-04
2.457773213397311047e+06 9.979705890328149920e-01 5.000000000000000104e-04
2.457773233828979079e+06 9.980345985991889712e-01 5.000000000000000104e-04
2.457773254260746296e+06 9.984459657013255995e-01 5.000000000000000104e-04
2.457773274692313746e+06 9.984175640880901259e-01 5.000000000000000104e-04
2.457773295123980381e+06 9.983891922771770400e-01 5.000000000000000104e-04
2.457773315555747133e+06 9.984942987598750541e-01 5.000000000000000104e-04
2.457773335987413302e+06 9.984659567512843559e-01 5.000000000000000104e-04
2.457773356418979354e+06 9.996724324837888975e-01 5.000000000000000104e-04
2.457773376850745175e+06 1.000361095962900349e+00 5.000000000000000104e-04
2.457773397282410879e+06 1.000476881680730123e+00 5.000000000000000104e-04
2.457773417713976000e+06 1.000682225258846980e+00 5.000000000000000104e-04
2.457773438145740889e+06 1.005160267753183234e+00 5.000000000000000104e-04
2.457773458577405196e+06 1.008909654138635315e+00 5.000000000000000104e-04
2.457773479009169620e+06 1.008881550548623718e+00 5.000000000000000104e-04
2.457773499440733809e+06 1.008853476760934509e+00 5.000000000000000104e-04
2.457773519872397650e+06 1.006596586272512805e+00 5.000000000000000104e-04
2.457773540304161143e+06 1.005065059342451939e+00 5.000000000000000104e-04
2.457773560735723935e+06 1.005037045159407505e+00 5.000000000000000104e-04
2.457773581167386845e+06 1.005782979888291795e+00 5.000000000000000104e-04
2.457773601599149872e+06 1.005755055112214524e+00 5.000000000000000104e-04
2.457773642462374177e+06 1.006070945481652323e+00 5.000000000000000104e-04
2.457773662894135807e+06 1.006388358733778077e+00 5.000000000000000104e-04
2.457773683325697202e+06 1.006360553166990357e+00 5.000000000000000104e-04
2.457773703757358249e+06 1.006332777402525025e+00 5.000000000000000104e-04
2.457773724189019296e+06 1.006192571207195741e+00 5.000000000000000104e-04
2.457773744620679878e+06 1.005543760570386524e+00 5.000000000000000104e-04
2.457773765052340459e+06 1.005485719907981412e+00 5.000000000000000104e-04
2.457773785484000575e+06 1.005458093155128019e+00 5.000000000000000104e-04
2.457773805915660225e+06 1.005430466402274625e+00 5.000000000000000104e-04
2.457773826347319875e+06 1.005234695509849896e+00 5.000000000000000104e-04
2.457773846779078711e+06 1.004739748594643878e+00 5.000000000000000104e-04
2.457773867210637778e+06 1.003930056696479056e+00 5.000000000000000104e-04
2.457773887642296497e+06 1.003902578955237601e+00 5.000000000000000104e-04
2.457773908074054867e+06 1.003875101213996146e+00 5.000000000000000104e-04
2.457773928505613003e+06 1.004167221777214181e+00 5.000000000000000104e-04
2.457773948937270790e+06 1.004139803640617501e+00 5.000000000000000104e-04
2.457773969369028229e+06 1.005313339778869164e+00 5.000000000000000104e-04
2.457773989800585434e+06 1.004266014222968018e+00 5.000000000000000104e-04
2.457774010232342407e+06 1.004209535162070566e+00 5.000000000000000104e-04
2.457774030663999263e+06 1.004182236234763437e+00 5.000000000000000104e-04
2.457774051095555536e+06 1.004184117441046631e+00 5.000000000000000104e-04
2.457774071527311578e+06 1.004127727787116342e+00 5.000000000000000104e-04
2.457774091958967503e+06 1.002768843883368621e+00 5.000000000000000104e-04
2.457774112390523311e+06 1.002741693967673431e+00 5.000000000000000104e-04
2.457774132822278421e+06 1.004564116207574465e+00 5.000000000000000104e-04
2.457774153253933415e+06 1.003105029962088501e+00 5.000000000000000104e-04
2.457774173685587943e+06 1.003077939651038086e+00 5.000000000000000104e-04
2.457774194117242470e+06 1.003050938746954834e+00 5.000000000000000104e-04
2.457774214548896998e+06 1.002930310111148415e+00 5.000000000000000104e-04
2.457774234980550595e+06 1.001818169689200566e+00 5.000000000000000104e-04
2.457774296275510918e+06 1.001647814043241880e+00 5.000000000000000104e-04
2.457774316707263701e+06 1.001513545721667953e+00 5.000000000000000104e-04
2.457774337138816249e+06 1.000663672945461879e+00 5.000000000000000104e-04
2.457774357570468448e+06 9.996843421702021892e-01 5.000000000000000104e-04
2.457774378002220299e+06 9.996575498823756512e-01 5.000000000000000104e-04
2.457774398433771916e+06 9.989320182256515857e-01 5.000000000000000104e-04
2.457774418865423650e+06 9.989053153447922107e-01 5.000000000000000104e-04
2.457774459728725720e+06 9.998756866290450240e-01 5.000000000000000104e-04
2.457774480160376057e+06 9.998490433528304244e-01 5.000000000000000104e-04
2.457774500592026394e+06 9.988258936661735810e-01 5.000000000000000104e-04
2.457774521023676731e+06 9.991043599030697830e-01 5.000000000000000104e-04
2.457774541455326136e+06 9.987727859276787079e-01 5.000000000000000104e-04
2.457774561886976007e+06 9.980252038275387871e-01 5.000000000000000104e-04
2.457774582318624947e+06 9.975502409059453512e-01 5.000000000000000104e-04
2.457774602750374004e+06 9.979722749029782403e-01 5.000000000000000104e-04
2.457774623181922827e+06 9.974974013883519675e-01 5.000000000000000104e-04
2.457774643613571301e+06 9.974710263330388571e-01 5.000000000000000104e-04
2.457774664045319427e+06 9.974446214754033591e-01 5.000000000000000104e-04
2.457774684476966970e+06 9.974115999446868663e-01 5.000000000000000104e-04
2.457774704908514861e+06 9.973116609319192527e-01 5.000000000000000104e-04
2.457774725340262055e+06 9.972853752835733054e-01 5.000000000000000104e-04
2.457774745771909133e+06 9.972591194375497459e-01 5.000000000000000104e-04
2.457774766203456093e+06 9.972329231961709617e-01 5.000000000000000104e-04
2.457774786635202356e+06 9.986396098073484495e-01 5.000000000000000104e-04
2.457774807066848967e+06 9.986134433682920530e-01 5.000000000000000104e-04
2.457774827498394996e+06 9.985873365338804319e-01 5.000000000000000104e-04
2.457774847930140328e+06 9.978164858487232891e-01 5.000000000000000104e-04
2.457774868361786008e+06 9.977904386189564434e-01 5.000000000000000104e-04
2.457774888793331105e+06 9.971398063414023127e-01 5.000000000000000104e-04
2.457774909225075971e+06 9.965219418424418052e-01 5.000000000000000104e-04
2.457774929656720720e+06 9.964959840196421226e-01 5.000000000000000104e-04
2.457774950088264886e+06 9.962119734992374021e-01 5.000000000000000104e-04
2.457774970520009287e+06 9.951475405676868391e-01 5.000000000000000104e-04
2.457774990951653104e+06 9.959896605884082099e-01 5.000000000000000104e-04
2.457775011383296456e+06 9.959637921725756904e-01 5.000000000000000104e-04
2.457775031814939808e+06 9.951010318675963529e-01 5.000000000000000104e-04
2.457775052246583160e+06 9.950752528587309964e-01 5.000000000000000104e-04
2.457775072678225581e+06 9.950495036521880277e-01 5.000000000000000104e-04
2.457775093109868467e+06 9.946330043204238969e-01 5.000000000000000104e-04
2.457775113541510422e+06 9.942884197199042262e-01 5.000000000000000104e-04
2.457775195268176962e+06 9.941859593355353297e-01 5.000000000000000104e-04
2.457775215699717868e+06 9.941603889429266872e-01 5.000000000000000104e-04
2.457775236131358426e+06 9.945548638563301846e-01 5.000000000000000104e-04
2.457775256563098636e+06 9.945293530683663175e-01 5.000000000000000104e-04
2.457775276994639076e+06 9.946400334275256050e-01 5.000000000000000104e-04
2.457775297426278703e+06 9.946145822442065132e-01 5.000000000000000104e-04
2.457775317858018447e+06 9.945891906655321968e-01 5.000000000000000104e-04
2.457775338289557490e+06 9.949069952712208398e-01 5.000000000000000104e-04
2.457775358721196651e+06 9.953716029194776826e-01 5.000000000000000104e-04
2.457775379152935464e+06 9.953463007477705293e-01 5.000000000000000104e-04
2.457775399584474042e+06 9.953210581807081514e-01 5.000000000000000104e-04
2.457775420016112272e+06 9.948524744429518840e-01 5.000000000000000104e-04
2.457775440447850153e+06 9.948272616782118938e-01 5.000000000000000104e-04
2.457775460879388265e+06 9.948021085181166789e-01 5.000000000000000104e-04
2.457775481311025564e+06 9.955899297917534252e-01 5.000000000000000104e-04
2.457775501742762979e+06 9.967620702747794770e-01 5.000000000000000104e-04
2.457775522174399812e+06 9.973862866491036705e-01 5.000000000000000104e-04
2.457775542605936527e+06 9.974902098654043758e-01 5.000000000000000104e-04
2.457775563037673011e+06 9.974651759145987118e-01 5.000000000000000104e-04
2.457775603900845163e+06 9.975273040968588578e-01 5.000000000000000104e-04
2.457775624332580715e+06 9.975023595530203568e-01 5.000000000000000104e-04
2.457775644764216151e+06 9.974774150091818559e-01 5.000000000000000104e-04
2.457775665195951238e+06 9.974525598723105180e-01 5.000000000000000104e-04
2.457775685627486091e+06 9.978525911656317415e-01 5.000000000000000104e-04
2.457775706059121061e+06 9.979190459327909046e-01 5.000000000000000104e-04
2.457775726490855217e+06 9.981999313408467245e-01 5.000000000000000104e-04
2.457775746922389604e+06 9.977782045689520540e-01 5.000000000000000104e-04
2.457775808217290323e+06 9.977040861931738558e-01 5.000000000000000104e-04
2.457775828648923431e+06 9.976710194697426815e-01 5.000000000000000104e-04
2.457775849080656189e+06 9.976464027514504451e-01 5.000000000000000104e-04
2.457775869512188714e+06 9.976218456378029842e-01 5.000000000000000104e-04
2.457775889943820890e+06 9.979750895740211458e-01 5.000000000000000104e-04
2.457775910375553183e+06 9.979674266148035322e-01 5.000000000000000104e-04
2.457775930807084776e+06 9.979428993034784590e-01 5.000000000000000104e-04
2.457775951238716487e+06 9.979016268493354769e-01 5.000000000000000104e-04
2.457775971670347732e+06 9.971848847932553994e-01 5.000000000000000104e-04
2.457775992101978976e+06 9.969429251567929473e-01 5.000000000000000104e-04
2.457776012533609755e+06 9.969185468570798125e-01 5.000000000000000104e-04
2.457776032965340186e+06 9.971117498941159951e-01 5.000000000000000104e-04
2.457776053396870382e+06 9.983161101157269623e-01 5.000000000000000104e-04
2.457776073828500696e+06 9.982918212229809907e-01 5.000000000000000104e-04
2.457776094260230195e+06 9.982675621325574067e-01 5.000000000000000104e-04
2.457776114691759925e+06 9.982433328444562104e-01 5.000000000000000104e-04
2.457776135123388842e+06 9.982544633171652748e-01 5.000000000000000104e-04
2.457776155555117875e+06 9.978453878988089443e-01 5.000000000000000104e-04
2.457776175986646675e+06 9.978212480176749111e-01 5.000000000000000104e-04
2.457776196418375243e+06 9.977971379388632656e-01 5.000000000000000104e-04
2.457776216850003693e+06 9.977526096226316810e-01 5.000000000000000104e-04
2.457776237281531561e+06 9.977285889507871985e-01 5.000000000000000104e-04
2.457776298576414119e+06 9.976566163422209144e-01 5.000000000000000104e-04
2.457776319008141290e+06 9.983443753516365593e-01 5.000000000000000104e-04
2.457776339439767879e+06 9.984894761985052547e-01 5.000000000000000104e-04
2.457776359871394467e+06 9.984656343405950985e-01 5.000000000000000104e-04
2.457776380303020589e+06 9.989874870728581158e-01 5.000000000000000104e-04
2.457776400734646711e+06 9.983124130580134370e-01 5.000000000000000104e-04
2.457776421166272368e+06 9.989398927640049664e-01 5.000000000000000104e-04
2.457776441597898025e+06 9.991319821132496060e-01 5.000000000000000104e-04
2.457776462029523216e+06 9.991082892669513882e-01 5.000000000000000104e-04
2.457776482461147942e+06 9.990845964206531704e-01 5.000000000000000104e-04
2.457776564187745564e+06 9.993096582606408873e-01 5.000000000000000104e-04
2.457776584619269241e+06 9.992861442282769957e-01 5.000000000000000104e-04
2.457776605050893035e+06 1.001106613528293110e+00 5.000000000000000104e-04
2.457776625482616015e+06 1.001848170803512517e+00 5.000000000000000104e-04
2.457776645914139226e+06 1.003827272728474718e+00 5.000000000000000104e-04
2.457776707209006883e+06 1.003757118061574083e+00 5.000000000000000104e-04
2.457776727640728932e+06 1.003944640065045135e+00 5.000000000000000104e-04
2.457776748072250746e+06 1.004410733346096318e+00 5.000000000000000104e-04
2.457776768503872212e+06 1.004387457732311528e+00 5.000000000000000104e-04
2.457776788935593329e+06 1.004364241723171514e+00 5.000000000000000104e-04
2.457776809367114212e+06 1.004457718221168250e+00 5.000000000000000104e-04
2.457776829798735213e+06 1.006178983241036384e+00 5.000000000000000104e-04
2.457776891093596350e+06 1.006361649105437905e+00 5.000000000000000104e-04
2.457776911525316071e+06 1.006338582107909829e+00 5.000000000000000104e-04
2.457776931956935674e+06 1.006315604517348916e+00 5.000000000000000104e-04
2.457776952388455160e+06 1.006292597124465615e+00 5.000000000000000104e-04
2.457776972820173949e+06 1.006236055023141063e+00 5.000000000000000104e-04
2.457776993251793087e+06 1.006213107234902537e+00 5.000000000000000104e-04
2.457777013683311641e+06 1.006349498698142053e+00 5.000000000000000104e-04
2.457777034115029965e+06 1.006326640316870691e+00 5.000000000000000104e-04
2.457777054546648171e+06 1.006356785998918646e+00 5.000000000000000104e-04
2.457777074978165794e+06 1.006333957419969671e+00 5.000000000000000104e-04
2.457777095409883652e+06 1.006301638176521074e+00 5.000000000000000104e-04
2.457777115841500927e+06 1.006278899004539262e+00 5.000000000000000104e-04
2.457777136273018084e+06 1.006740065015176988e+00 5.000000000000000104e-04
2.457777156704735011e+06 1.006233480265220415e+00 5.000000000000000104e-04
2.457777177136351820e+06 1.006617013075876699e+00 5.000000000000000104e-04
2.457777197568068281e+06 1.006672085917810655e+00 5.000000000000000104e-04
2.457777217999584507e+06 1.006571773150492177e+00 5.000000000000000104e-04
2.457777238431200385e+06 1.006309917145985278e+00 5.000000000000000104e-04
2.457777258862915915e+06 1.006526682236719594e+00 5.000000000000000104e-04
2.457777320157761686e+06 1.006887104479460504e+00 5.000000000000000104e-04
2.457777340589376632e+06 1.006197532588261279e+00 5.000000000000000104e-04
2.457777361020890996e+06 1.005968486638971982e+00 5.000000000000000104e-04
2.457777381452505477e+06 1.005946134897181210e+00 5.000000000000000104e-04
2.457777401884119492e+06 1.005418378227703968e+00 5.000000000000000104e-04
2.457777422315733507e+06 1.005393889143185504e+00 5.000000000000000104e-04
2.457777442747447174e+06 1.004711812867699283e+00 5.000000000000000104e-04
2.457777463178960141e+06 1.004637541513222487e+00 5.000000000000000104e-04
2.457777483610573225e+06 1.004178396417091612e+00 5.000000000000000104e-04
2.457777504042286426e+06 1.004593165855187209e+00 5.000000000000000104e-04
2.457777524473798927e+06 1.004570992927330764e+00 5.000000000000000104e-04
2.457777565337123349e+06 1.004747320977330993e+00 5.000000000000000104e-04
2.457777585768635385e+06 1.004725297061086486e+00 5.000000000000000104e-04
2.457777606200247072e+06 1.004703273144841980e+00 5.000000000000000104e-04
2.457777626631958876e+06 1.004396673537613527e+00 5.000000000000000104e-04
2.457777647063469980e+06 1.003364813830344815e+00 5.000000000000000104e-04
2.457777667495180853e+06 1.003119493358376246e+00 5.000000000000000104e-04
2.457777687926791608e+06 1.003088439523876829e+00 5.000000000000000104e-04
2.457777708358402364e+06 1.002915318134859124e+00 5.000000000000000104e-04
2.457777728790012654e+06 1.002823277456161399e+00 5.000000000000000104e-04
2.457777749221622478e+06 1.002675269337746755e+00 5.000000000000000104e-04
2.457777769653232303e+06 1.001691566703283964e+00 5.000000000000000104e-04
2.457777790084842127e+06 1.001669840810263334e+00 5.000000000000000104e-04
2.457777810516451485e+06 1.000950317643118481e+00 5.000000000000000104e-04
2.457777830948060378e+06 1.001261113935846936e+00 5.000000000000000104e-04
2.457777851379669271e+06 1.000906955264044385e+00 5.000000000000000104e-04
2.457777871811278164e+06 1.000135223986367894e+00 5.000000000000000104e-04
2.457777892242886592e+06 9.997831808748687266e-01 5.000000000000000104e-04
2.457777912674594671e+06 9.997616039934600352e-01 5.000000000000000104e-04
2.457777933106102515e+06 9.992953738151966192e-01 5.000000000000000104e-04
2.457777953537710477e+06 9.983993137644744387e-01 5.000000000000000104e-04
2.457777973969418090e+06 9.982359665948061789e-01 5.000000000000000104e-04
2.457777994400925469e+06 9.982145089226870383e-01 5.000000000000000104e-04
2.457778014832532499e+06 9.981931108552126730e-01 5.000000000000000104e-04
2.457778035264239181e+06 9.981717127877383078e-01 5.000000000000000104e-04
2.457778055695745628e+06 9.983773499578196819e-01 5.000000000000000104e-04
2.457778076127352193e+06 9.983560114949900921e-01 5.000000000000000104e-04
2.457778096558958292e+06 9.986256240536475204e-01 5.000000000000000104e-04
2.457778116990564391e+06 9.973513364533692638e-01 5.000000000000000104e-04
2.457778137422270142e+06 9.973301171998292247e-01 5.000000000000000104e-04
2.457778157853775192e+06 9.971951492828687869e-01 5.000000000000000104e-04
2.457778178285380825e+06 9.972877084950715343e-01 5.000000000000000104e-04
2.457778198717085645e+06 9.971528299850782595e-01 5.000000000000000104e-04
2.457778219148590229e+06 9.956653635350729559e-01 5.000000000000000104e-04
2.457778239580194931e+06 9.956442932931448553e-01 5.000000000000000104e-04
2.457778260011899285e+06 9.958152208522961235e-01 5.000000000000000104e-04
2.457778280443503521e+06 9.957942102150127983e-01 5.000000000000000104e-04
2.457778300875007175e+06 9.957731995777294731e-01 5.000000000000000104e-04
2.457778321306711063e+06 9.957961716277443642e-01 5.000000000000000104e-04
2.457778341738314368e+06 9.957752503974282021e-01 5.000000000000000104e-04
2.457778362169817556e+06 9.957543291671120400e-01 5.000000000000000104e-04
2.457778382601520512e+06 9.952335084303063351e-01 5.000000000000000104e-04
2.457778403033123352e+06 9.956150819781246497e-01 5.000000000000000104e-04
2.457778423464625608e+06 9.955942501547756507e-01 5.000000000000000104e-04
2.457778443896328099e+06 9.955734779360714271e-01 5.000000000000000104e-04
2.457778464327930007e+06 9.955527057173672034e-01 5.000000000000000104e-04
2.457778484759432264e+06 9.964074847199220208e-01 5.000000000000000104e-04
2.457778505191133823e+06 9.965191667542199205e-01 5.000000000000000104e-04
2.457778525622735266e+06 9.969098044595714470e-01 5.000000000000000104e-04
2.457778546054336242e+06 9.983310713713908768e-01 5.000000000000000104e-04
2.457778566485937219e+06 9.985869450043680651e-01 5.000000000000000104e-04
2.457778586917538196e+06 9.985663814019205553e-01 5.000000000000000104e-04
2.457778607349238358e+06 9.988276721686082382e-01 5.000000000000000104e-04
2.457778627780738752e+06 9.988071085661607285e-01 5.000000000000000104e-04
2.457778648212338798e+06 9.985048098038675768e-01 5.000000000000000104e-04
2.457778668644038495e+06 9.984780106336494931e-01 5.000000000000000104e-04
2.457778689075538423e+06 9.987142665952601917e-01 5.000000000000000104e-04
2.457778709507138003e+06 9.985022652818100752e-01 5.000000000000000104e-04
2.457778729938836768e+06 9.984818804932968916e-01 5.000000000000000104e-04
2.457778750370435882e+06 9.984615851117508711e-01 5.000000000000000104e-04
2.457778770801934879e+06 9.984412599278824629e-01 5.000000000000000104e-04
2.457778832096729428e+06 9.981517412045128879e-01 5.000000000000000104e-04
2.457778852528427262e+06 9.974094047449337808e-01 5.000000000000000104e-04
2.457778872959925327e+06 9.973892583749996987e-01 5.000000000000000104e-04
2.457778893391522579e+06 9.979265448660301630e-01 5.000000000000000104e-04
2.457778913823219948e+06 9.979064581007408563e-01 5.000000000000000104e-04
2.457778934254716616e+06 9.978863713354515497e-01 5.000000000000000104e-04
2.457778954686313402e+06 9.979205991357633643e-01 5.000000000000000104e-04
2.457778975118010305e+06 9.979005719751188330e-01 5.000000000000000104e-04
2.457778995549506508e+06 9.989354481558647691e-01 5.000000000000000104e-04
2.457779015981102828e+06 9.989155402045097887e-01 5.000000000000000104e-04
2.457779036412798334e+06 9.988956024508324205e-01 5.000000000000000104e-04
2.457779056844294071e+06 9.983126374773565459e-01 5.000000000000000104e-04
2.457779077275989577e+06 9.982927891306463408e-01 5.000000000000000104e-04
2.457779097707584966e+06 9.982729705862585234e-01 5.000000000000000104e-04
2.457779118139179889e+06 9.990615635214705748e-01 5.000000000000000104e-04
2.457779138570774812e+06 9.996009351889583172e-01 5.000000000000000104e-04
2.457779159002369735e+06 9.995812060515376629e-01 5.000000000000000104e-04
2.457779179433963727e+06 9.995615067164393963e-01 5.000000000000000104e-04
2.457779199865658302e+06 9.991804253971690031e-01 5.000000000000000104e-04
2.457779220297152176e+06 9.982307437079009915e-01 5.000000000000000104e-04
2.457779240728745703e+06 9.982111039774475003e-01 5.000000000000000104e-04
2.457779261160439346e+06 9.981915536539611722e-01 5.000000000000000104e-04
2.457779302023525815e+06 9.984166339885520713e-01 5.000000000000000104e-04
2.457779322455218993e+06 9.987798633289317607e-01 5.000000000000000104e-04
2.457779342886711471e+06 9.990884170521487917e-01 5.000000000000000104e-04
2.457779363318304066e+06 9.995260067890163747e-01 5.000000000000000104e-04
2.457779383749996312e+06 9.996934281060907423e-01 5.000000000000000104e-04
2.457779404181488324e+06 9.996740267942163527e-01 5.000000000000000104e-04
2.457779424613079987e+06 9.996705386900677226e-01 5.000000000000000104e-04
2.457779445044771768e+06 9.996353731820795119e-01 5.000000000000000104e-04
2.457779465476263314e+06 9.996319446825756572e-01 5.000000000000000104e-04
2.457779485907854512e+06 9.996126923823132060e-01 5.000000000000000104e-04
2.457779526771036442e+06 9.995742771887554667e-01 5.000000000000000104e-04
2.457779547202726826e+06 9.998646040299243865e-01 5.000000000000000104e-04
2.457779567634317093e+06 1.000730880688467828e+00 5.000000000000000104e-04
2.457779588065807242e+06 1.000711777399817315e+00 5.000000000000000104e-04
2.457779608497497160e+06 1.001739414302591946e+00 5.000000000000000104e-04
2.457779628929086961e+06 1.002032642696238263e+00 5.000000000000000104e-04
2.457779649360576645e+06 1.002013599012232525e+00 5.000000000000000104e-04
2.457779669792266097e+06 1.001994644735193951e+00 5.000000000000000104e-04
2.457779690223854966e+06 1.003789803798987634e+00 5.000000000000000104e-04
2.457779710655344184e+06 1.003778455457984720e+00 5.000000000000000104e-04
2.457779731087032706e+06 1.003752014454200037e+00 5.000000000000000104e-04
2.457779751518621109e+06 1.003733149584128626e+00 5.000000000000000104e-04
2.457779771950109396e+06 1.003721860847770486e+00 5.000000000000000104e-04
2.457779792381797452e+06 1.003797619708882927e+00 5.000000000000000104e-04
2.457779812813385390e+06 1.003531964413242328e+00 5.000000000000000104e-04
2.457779833244873211e+06 1.004520875072746566e+00 5.000000000000000104e-04
2.457779853676560801e+06 1.004502159214287094e+00 5.000000000000000104e-04
2.457779874108147807e+06 1.004483502960472396e+00 5.000000000000000104e-04
2.457779894539635163e+06 1.004464816904335311e+00 5.000000000000000104e-04
2.457779914971321821e+06 1.004535379853303212e+00 5.000000000000000104e-04
2.457779935402908362e+06 1.004516783204133290e+00 5.000000000000000104e-04
2.457779955834595021e+06 1.004498216357285756e+00 5.000000000000000104e-04
2.457779976266080979e+06 1.001842579200518557e+00 5.000000000000000104e-04
2.457779996697667055e+06 1.001824071958315798e+00 5.000000000000000104e-04
2.457780017129352782e+06 1.001476963265633735e+00 5.000000000000000104e-04
2.457780037560938857e+06 1.001458515628075752e+00 5.000000000000000104e-04
2.457780057992423885e+06 1.001440097792840156e+00 5.000000000000000104e-04
2.457780078424109146e+06 1.001299508870792110e+00 5.000000000000000104e-04
2.457780098855694290e+06 1.000580546341955923e+00 5.000000000000000104e-04
2.457780119287179317e+06 1.000550754278918930e+00 5.000000000000000104e-04
2.457780139718863647e+06 9.996707852165149788e-01 5.000000000000000104e-04
2.457780160150448326e+06 9.996525461952137093e-01 5.000000000000000104e-04
2.457780180581932422e+06 9.996343071739124397e-01 5.000000000000000104e-04
2.457780201013616286e+06 1.000965062294983277e+00 5.000000000000000104e-04
2.457780221445200033e+06 1.000946912680649170e+00 5.000000000000000104e-04
2.457780241876683664e+06 1.000928763066315064e+00 5.000000000000000104e-04
2.457780262308367062e+06 9.988570275038402002e-01 5.000000000000000104e-04
2.457780282739950344e+06 9.988389374941508692e-01 5.000000000000000104e-04
2.457780344034598675e+06 9.987849058836619776e-01 5.000000000000000104e-04
2.457780364466181025e+06 9.998954825541463975e-01 5.000000000000000104e-04
2.457780384897863492e+06 1.000305795044637236e+00 5.000000000000000104e-04
2.457780405329345260e+06 1.001428087455002114e+00 5.000000000000000104e-04
2.457780425761027262e+06 1.002501875620781302e+00 5.000000000000000104e-04
2.457780446192608681e+06 1.002547392473492671e+00 5.000000000000000104e-04
2.457780466624190100e+06 1.002847986501055111e+00 5.000000000000000104e-04
2.457780487055771518e+06 1.002830224316912044e+00 5.000000000000000104e-04
2.457780507487352472e+06 1.002812462132768978e+00 5.000000000000000104e-04
2.457780527918933425e+06 1.003149452204242120e+00 5.000000000000000104e-04
2.457780548350513913e+06 1.003131749624743829e+00 5.000000000000000104e-04
2.457780568782094400e+06 1.003619381148173062e+00 5.000000000000000104e-04
2.457780589213674422e+06 1.003601738173319546e+00 5.000000000000000104e-04
2.457780609645354562e+06 1.003584154803110806e+00 5.000000000000000104e-04
2.457780630076834466e+06 1.003423544804997292e+00 5.000000000000000104e-04
2.457780650508414023e+06 1.003294783531337053e+00 5.000000000000000104e-04
2.457780670940093230e+06 1.002830479775274952e+00 5.000000000000000104e-04
2.457780691371572670e+06 1.002813015614355763e+00 5.000000000000000104e-04
2.457780752666309476e+06 1.001764961607167770e+00 5.000000000000000104e-04
2.457780773097887635e+06 1.001721584565385736e+00 5.000000000000000104e-04
2.457780793529565912e+06 1.000790719627517866e+00 5.000000000000000104e-04
2.457780813961043954e+06 1.000541774847591547e+00 5.000000000000000104e-04
2.457780834392721765e+06 1.000323113912539696e+00 5.000000000000000104e-04
2.457780854824299458e+06 1.000305858367877221e+00 5.000000000000000104e-04
2.457780875255877152e+06 9.998709380804413627e-01 5.000000000000000104e-04
2.457780895687454380e+06 1.000271496290164208e+00 5.000000000000000104e-04
2.457780916119031608e+06 9.998366058050507377e-01 5.000000000000000104e-04
2.457780936550608370e+06 1.000390826691491153e+00 5.000000000000000104e-04
2.457780956982185133e+06 1.000373749960763003e+00 5.000000000000000104e-04
2.457780977413761895e+06 1.000851132875721028e+00 5.000000000000000104e-04
2.457780997845338192e+06 1.000339685906273868e+00 5.000000000000000104e-04
2.457781018276914489e+06 1.001008270215059337e+00 5.000000000000000104e-04
2.457781038708490320e+06 1.000991312693620738e+00 5.000000000000000104e-04
2.457781059139966033e+06 1.000489403780356668e+00 5.000000000000000104e-04
2.457781079571641516e+06 9.998148673987476975e-01 5.000000000000000104e-04
2.457781100003216881e+06 1.000455637749091409e+00 5.000000000000000104e-04
2.457781120434692129e+06 9.993476536113963249e-01 5.000000000000000104e-04
2.457781140866367146e+06 9.992201891904661792e-01 5.000000000000000104e-04
2.457781161297942046e+06 9.992034104829619068e-01 5.000000000000000104e-04
2.457781181729416829e+06 9.991866317754576343e-01 5.000000000000000104e-04
2.457781202161091380e+06 9.986209137490758003e-01 5.000000000000000104e-04
2.457781222592665348e+06 9.986042244485386910e-01 5.000000000000000104e-04
2.457781243024339434e+06 9.992420549174800826e-01 5.000000000000000104e-04
2.457781263455813285e+06 9.985709352544316353e-01 5.000000000000000104e-04
2.457781283887387253e+06 9.982365619446080807e-01 5.000000000000000104e-04
2.457781304319060408e+06 9.982199918533605221e-01 5.000000000000000104e-04
2.457781324750533793e+06 9.982034515644353512e-01 5.000000000000000104e-04
2.457781345182107296e+06 9.981869410778325680e-01 5.000000000000000104e-04
2.457781365613779984e+06 9.975969778932132215e-01 5.000000000000000104e-04
2.457781386045252904e+06 9.966684388190847343e-01 5.000000000000000104e-04
2.457781406476825476e+06 9.960395397616519375e-01 5.000000000000000104e-04
2.457781426908497699e+06 9.960231484843387051e-01 5.000000000000000104e-04
2.457781447340069804e+06 9.960067870093478604e-01 5.000000000000000104e-04
2.457781488203214016e+06 9.972970028644416729e-01 5.000000000000000104e-04
2.457781508634785656e+06 9.975914091257340743e-01 5.000000000000000104e-04
2.457781529066257179e+06 9.978694873549369682e-01 5.000000000000000104e-04
2.457781549497928470e+06 9.980258975565989843e-01 5.000000000000000104e-04
2.457781569929499179e+06 9.980097148955424657e-01 5.000000000000000104e-04
2.457781590360970236e+06 9.979935918391307226e-01 5.000000000000000104e-04
2.457781610792641062e+06 9.974234152944765341e-01 5.000000000000000104e-04
2.457781631224211771e+06 9.963314030368728424e-01 5.000000000000000104e-04
2.457781651655882131e+06 9.962706010726640748e-01 5.000000000000000104e-04
2.457781672087352257e+06 9.958629346299536778e-01 5.000000000000000104e-04
2.457781733382061590e+06 9.958150124955542637e-01 5.000000000000000104e-04
2.457781753813630901e+06 9.961907606509874391e-01 5.000000000000000104e-04
2.457781774245200213e+06 9.961748462108324098e-01 5.000000000000000104e-04
2.457781794676769525e+06 9.958025611131580135e-01 5.000000000000000104e-04
2.457781835539907217e+06 9.959723210935651494e-01 5.000000000000000104e-04
2.457781917266180273e+06 9.957149419488029451e-01 5.000000000000000104e-04
2.457781937697748188e+06 9.956992957295494051e-01 5.000000000000000104e-04
2.457781958129415754e+06 9.958782649641095830e-01 5.000000000000000104e-04
2.457781978560883086e+06 9.961597777351287597e-01 5.000000000000000104e-04
2.457781998992450535e+06 9.961442209228423827e-01 5.000000000000000104e-04
2.457782019424117636e+06 9.961287237152007812e-01 5.000000000000000104e-04
2.457782039855584502e+06 9.950975204619822989e-01 5.000000000000000104e-04
2.457782060287251603e+06 9.950820530566630850e-01 5.000000000000000104e-04
2.457782080718818121e+06 9.950666452559886466e-01 5.000000000000000104e-04
2.457782101150284521e+06 9.950790493858887586e-01 5.000000000000000104e-04
2.457782121581950691e+06 9.959979743279472331e-01 5.000000000000000104e-04
2.457782142013516743e+06 9.960400127171777918e-01 5.000000000000000104e-04
2.457782162444982678e+06 9.960246943234705164e-01 5.000000000000000104e-04
2.457782182876648381e+06 9.959797723527765712e-01 5.000000000000000104e-04
2.457782203308213968e+06 9.959941767453455164e-01 5.000000000000000104e-04
2.457782223739678971e+06 9.959492845769739588e-01 5.000000000000000104e-04
2.457782244171344209e+06 9.959341151948786219e-01 5.000000000000000104e-04
2.457782264602909330e+06 9.963302117362315968e-01 5.000000000000000104e-04
2.457782285034473985e+06 9.970755168646476818e-01 5.000000000000000104e-04
2.457782305466039106e+06 9.962999921813304738e-01 5.000000000000000104e-04
2.457782325897603296e+06 9.972123490250996980e-01 5.000000000000000104e-04
2.457782346329167485e+06 9.984457138791626996e-01 5.000000000000000104e-04
2.457782407623859588e+06 9.989833656595399347e-01 5.000000000000000104e-04
2.457782428055423312e+06 9.989634559587834417e-01 5.000000000000000104e-04
2.457782448486986570e+06 9.992160175525235388e-01 5.000000000000000104e-04
2.457782468918649945e+06 9.992749536815779265e-01 5.000000000000000104e-04
2.457782489350113086e+06 9.992601121250288543e-01 5.000000000000000104e-04
2.457782509781675879e+06 9.989041195349095403e-01 5.000000000000000104e-04
2.457782530213338789e+06 9.988602403036064281e-01 5.000000000000000104e-04
2.457782550644801464e+06 9.988455179563469066e-01 5.000000000000000104e-04
2.457782571076363791e+06 9.988307956090873851e-01 5.000000000000000104e-04
2.457782591508025769e+06 1.001165319517107299e+00 5.000000000000000104e-04
2.457782611939487979e+06 1.001488487443153996e+00 5.000000000000000104e-04
2.457782632371049840e+06 1.003032193177300080e+00 5.000000000000000104e-04
2.457782652802711818e+06 1.003017590039330109e+00 5.000000000000000104e-04
2.457782673234173097e+06 1.003422714093203716e+00 5.000000000000000104e-04
2.457782693665734492e+06 1.003408200362200908e+00 5.000000000000000104e-04
2.457782714097396005e+06 1.003888007338686883e+00 5.000000000000000104e-04
2.457782734528856818e+06 1.004073784572329764e+00 5.000000000000000104e-04
2.457782754960417747e+06 1.004059330445971732e+00 5.000000000000000104e-04
2.457782775392078795e+06 1.002924930090323130e+00 5.000000000000000104e-04
2.457782795823639259e+06 1.002910535568609873e+00 5.000000000000000104e-04
2.457782816255199723e+06 1.002896170849219004e+00 5.000000000000000104e-04
2.457782836686759721e+06 1.002881865734472910e+00 5.000000000000000104e-04
2.457782857118319720e+06 1.002546460574858855e+00 5.000000000000000104e-04
2.457782877549879719e+06 1.002604394648400010e+00 5.000000000000000104e-04
2.457782897981439251e+06 1.002590178940621080e+00 5.000000000000000104e-04
2.457782918412999250e+06 1.002118268233456178e+00 5.000000000000000104e-04
2.457782938844658434e+06 1.002104112130322022e+00 5.000000000000000104e-04
2.457782959276117850e+06 1.002547680828896226e+00 5.000000000000000104e-04
2.457782979707676917e+06 1.001856291691348488e+00 5.000000000000000104e-04
